0.00000000000000 294.033831304378 293.258481421648 0.258481421647829
54.5277507302824 295.099500875395 294.130101162002 0.210016155088866
124.634858812074 296.164887299772 295.098651435475 0.242326332794843
202.531645569621 297.133248808818 296.067012944521 0.323101777059787
296.007789678676 298.295282619673 297.228857990949 0.323101777059788
405.063291139241 299.360197132983 298.584564103613 0.242326332794844
514.118792599805 300.134320046939 299.358687017569 0.242326332794846
599.805258033106 300.714865041311 299.745276563481 0.290791599353813
701.071080817916 301.198290738116 300.131866109392 0.323101777059791
817.916260954236 301.584597137387 300.518266890877 0.371567043618755
934.761441090555 301.873973003541 300.710617841699 0.452342487883699
1106.13437195716 302.453479793555 300.902591263668 0.597738287560595
1355.40408958131 303.225903827671 300.996501565958 0.807754442649449
1705.93962999026 304.384823025485 301.186115432593 1.001615508885311
1916.26095423564 304.769996838196 301.280497645951 1.147011308562211
2227.84810126582 305.541665814605 301.373652890534 1.340872374798071
2477.11781888997 306.023298249367 301.467563192824 1.486268174474971
2734.17721518987 306.504836301916 301.561379112902 1.599353796445891
3006.81596884128 306.889255056921 301.655006268552 1.712439418416811
3240.50632911392 307.080284656755 301.846035868387 1.744749596122791
3520.93476144109 307.755400628911 302.327290774296 1.777059773828771
3715.67672833495 307.946902139802 302.712653351434 1.744749596122791
3933.78773125608 308.331981570311 303.194663315049 1.696284329563831
4183.05744888023 308.813614005062 303.967087349165 1.631663974151871
4447.90652385589 309.488918741633 304.836064387546 1.567043618739921
4673.80720545277 310.455486988625 305.802160723471 1.567043618739921
4860.75949367089 311.228666080448 306.865470739154 1.567043618739921
5024.34274586173 312.002128318911 307.252249049492 1.550888529886931
5156.76728334956 312.582107019992 307.639216124257 1.486268174474981
5289.19182083739 313.259016254191 308.413527802641 1.308562197092111
5429.40603700097 313.838900573057 309.768667622024 1.114701130856241
5561.83057448881 314.709670873492 310.930512668453 0.953150242326354
5655.30671859786 315.193190952521 312.091980186027 0.840064620355433
5779.94157740993 315.676333502697 313.446931240984 0.726978998384515
5873.41772151899 316.159853581726 314.221242919368 0.630048465266583
5966.89386562804 316.643373660756 314.995554597751 0.549273021001641
6060.37000973711 317.029963206667 315.576193974325 0.452342487883708
6185.00486854917 317.610036289961 316.350316888281 0.323101777059801
6301.85004868549 318.093273222351 317.124439802238 0.210016155088882
6442.06426484907 318.576227008111 317.898185187341 0.080775444264972
6582.27848101266 319.059180793849 319.156111326967 0.080775444264974
6738.07205452775 319.445015282053 320.026692862974 0.226171243941872
6862.70691333982 319.831227299111 320.606765946268 0.323101777059803
7000.00000000000 320.217250551743 321.574278015394 0.420032310177735
